10.000	-58.705
15.000	-56.226
20.000	-53.621
25.000	-51.547
30.000	-49.945
35.000	-48.422
40.000	-48.000
45.000	-46.541
50.000	-44.598
55.000	-42.965
60.000	-41.763
65.000	-40.709
70.000	-39.531
75.000	-38.597
80.000	-37.810
85.000	-36.768
90.000	-35.854
95.000	-35.136
100.000	-33.876
105.000	-32.889
110.000	-31.734
115.000	-30.415
120.000	-29.160
125.000	-27.948
130.000	-26.451
135.000	-24.502
140.000	-22.340
145.000	-19.582
150.000	-16.108
155.000	-11.321
160.000	-5.718
165.000	-9.561
170.000	-13.897
175.000	-16.833
180.000	-18.940
185.000	-20.628
190.000	-21.808
195.000	-22.716
200.000	-23.438
205.000	-24.003
210.000	-24.441
215.000	-24.769
220.000	-24.983
225.000	-25.206
230.000	-25.264
235.000	-25.191
240.000	-25.151
245.000	-24.952
250.000	-24.755
255.000	-24.485
260.000	-24.143
265.000	-23.740
270.000	-23.128
275.000	-22.548
280.000	-21.772
285.000	-20.884
290.000	-19.841
295.000	-18.643
300.000	-17.226
305.000	-15.532
310.000	-13.478
315.000	-10.844
320.000	-7.844
325.000	-5.815
330.000	-7.119
335.000	-9.823
340.000	-12.451
345.000	-14.453
350.000	-15.967
355.000	-17.269
360.000	-18.350
365.000	-19.208
370.000	-19.959
375.000	-20.523
380.000	-20.962
385.000	-21.360
390.000	-21.626
395.000	-21.829
400.000	-21.957
405.000	-22.001
410.000	-22.010
415.000	-21.890
420.000	-21.737
425.000	-21.512
430.000	-21.156
435.000	-20.755
440.000	-20.290
445.000	-19.698
450.000	-18.967
455.000	-18.142
460.000	-17.158
465.000	-15.961
470.000	-14.544
475.000	-12.871
480.000	-10.789
485.000	-8.381
490.000	-6.100
495.000	-5.738
500.000	-7.608
505.000	-10.022
510.000	-12.191
515.000	-13.977
520.000	-15.462
525.000	-16.688
530.000	-17.713
535.000	-18.578
540.000	-19.277
545.000	-19.885
550.000	-20.392
555.000	-20.796
560.000	-21.122
565.000	-21.393
570.000	-21.536
575.000	-21.641
580.000	-21.681
585.000	-21.646
590.000	-21.560
595.000	-21.349
600.000	-21.049
605.000	-20.692
610.000	-20.266
615.000	-19.690
620.000	-18.998
625.000	-18.179
630.000	-17.135
635.000	-15.825
640.000	-14.284
645.000	-12.345
650.000	-9.899
655.000	-6.976
660.000	-4.790
665.000	-6.221
670.000	-9.281
675.000	-11.992
680.000	-14.187
685.000	-15.906
690.000	-17.424
695.000	-18.560
700.000	-19.629
705.000	-20.387
710.000	-21.168
715.000	-21.690
720.000	-22.216
725.000	-22.572
730.000	-22.928
735.000	-23.105
740.000	-23.225
745.000	-23.291
750.000	-23.309
755.000	-23.246
760.000	-23.084
765.000	-22.868
770.000	-22.449
775.000	-22.088
780.000	-21.517
785.000	-20.842
790.000	-20.001
795.000	-18.977
800.000	-17.629
805.000	-16.090
810.000	-14.068
815.000	-11.353
820.000	-7.671
825.000	-4.239
830.000	-6.493
835.000	-10.483
840.000	-13.741
845.000	-16.056
850.000	-17.927
855.000	-19.373
860.000	-20.678
865.000	-21.709
870.000	-22.470
875.000	-23.305
880.000	-23.981
885.000	-24.432
890.000	-24.905
895.000	-25.204
900.000	-25.440
905.000	-25.606
910.000	-25.631
915.000	-25.711
920.000	-25.559
925.000	-25.495
930.000	-25.211
935.000	-24.865
940.000	-24.358
945.000	-23.885
950.000	-23.222
955.000	-22.348
960.000	-21.332
965.000	-19.944
970.000	-18.408
975.000	-16.340
980.000	-13.477
985.000	-9.371
990.000	-5.084
995.000	-7.807
1000.000	-12.417
1005.000	-15.766
1010.000	-18.201
1015.000	-20.081
1020.000	-21.402
1025.000	-22.820
1030.000	-23.834
1035.000	-24.705
1040.000	-25.406
1045.000	-26.015
1050.000	-26.354
1055.000	-26.875
1060.000	-27.224
1065.000	-27.440
1070.000	-27.539
1075.000	-27.510
1080.000	-27.638
1085.000	-27.494
1090.000	-27.308
1095.000	-27.060
1100.000	-26.649
1105.000	-26.244
1110.000	-25.678
1115.000	-24.932
1120.000	-24.130
1125.000	-23.168
1130.000	-21.787
1135.000	-20.182
1140.000	-18.214
1145.000	-15.318
1150.000	-11.296
1155.000	-6.519
1160.000	-8.969
1165.000	-13.701
1170.000	-17.305
1175.000	-19.699
1180.000	-21.747
1185.000	-23.068
1190.000	-24.478
1195.000	-25.531
1200.000	-26.415
1205.000	-27.051
1210.000	-27.696
1215.000	-28.270
1220.000	-28.768
1225.000	-28.929
1230.000	-29.236
1235.000	-29.389
1240.000	-29.478
1245.000	-29.395
1250.000	-29.494
1255.000	-29.187
1260.000	-29.000
1265.000	-28.534
1270.000	-28.272
1275.000	-27.634
1280.000	-26.909
1285.000	-26.062
1290.000	-25.076
1295.000	-23.834
1300.000	-22.418
1305.000	-20.343
1310.000	-17.725
1315.000	-14.040
1320.000	-9.066
1325.000	-9.413
1330.000	-14.530
1335.000	-18.308
1340.000	-20.795
1345.000	-23.029
1350.000	-24.548
1355.000	-25.748
1360.000	-26.844
1365.000	-27.791
1370.000	-28.701
1375.000	-29.117
1380.000	-29.685
1385.000	-30.183
1390.000	-30.644
1395.000	-30.787
1400.000	-31.000
1405.000	-31.027
1410.000	-30.852
1415.000	-30.917
1420.000	-30.876
1425.000	-30.626
1430.000	-30.446
1435.000	-30.082
1440.000	-29.414
1445.000	-28.942
1450.000	-28.168
1455.000	-27.082
1460.000	-25.918
1465.000	-24.480
1470.000	-22.781
1475.000	-20.371
1480.000	-17.008
1485.000	-12.128
1490.000	-9.816
1495.000	-14.673
1500.000	-18.727
1505.000	-21.931
1510.000	-23.869
1515.000	-25.586
1520.000	-26.946
1525.000	-28.086
1530.000	-29.026
1535.000	-30.003
1540.000	-30.461
1545.000	-31.007
1550.000	-31.448
1555.000	-31.838
1560.000	-32.121
1565.000	-32.278
1570.000	-32.384
1575.000	-32.399
1580.000	-32.469
1585.000	-32.252
1590.000	-32.111
1595.000	-31.911
1600.000	-31.366
1605.000	-31.032
1610.000	-30.281
1615.000	-29.564
1620.000	-28.771
1625.000	-27.670
1630.000	-26.239
1635.000	-24.598
1640.000	-22.330
1645.000	-19.204
1650.000	-14.903
1655.000	-10.839
1660.000	-14.752
1665.000	-18.955
1670.000	-22.398
1675.000	-24.565
1680.000	-26.452
1685.000	-27.829
1690.000	-29.076
1695.000	-30.104
1700.000	-30.913
1705.000	-31.653
1710.000	-32.385
1715.000	-32.682
1720.000	-33.235
1725.000	-33.510
1730.000	-33.584
1735.000	-33.696
1740.000	-33.873
1745.000	-33.857
1750.000	-33.687
1755.000	-33.467
1760.000	-33.306
1765.000	-32.967
1770.000	-32.533
1775.000	-31.961
1780.000	-31.302
1785.000	-30.441
1790.000	-29.359
1795.000	-28.197
1800.000	-26.640
1805.000	-24.493
1810.000	-21.819
1815.000	-18.098
1820.000	-13.246
1825.000	-14.322
1830.000	-19.142
1835.000	-22.844
1840.000	-25.225
1845.000	-27.209
1850.000	-28.747
1855.000	-30.150
1860.000	-31.089
1865.000	-32.011
1870.000	-32.666
1875.000	-33.075
1880.000	-33.718
1885.000	-34.054
1890.000	-34.322
1895.000	-34.633
1900.000	-34.648
1905.000	-34.742
1910.000	-34.643
1915.000	-34.751
1920.000	-34.601
1925.000	-34.231
1930.000	-33.944
1935.000	-33.535
1940.000	-33.108
1945.000	-32.503
1950.000	-31.722
1955.000	-30.865
1960.000	-29.701
1965.000	-28.234
1970.000	-26.546
1975.000	-24.164
1980.000	-20.810
1985.000	-16.337
1990.000	-14.468
1995.000	-18.864
2000.000	-22.826
2005.000	-25.725
2010.000	-27.788
2015.000	-29.379
2020.000	-30.686
2025.000	-31.732
2030.000	-32.463
2035.000	-33.330
2040.000	-33.928
2045.000	-34.378
2050.000	-34.750
2055.000	-34.958
2060.000	-35.318
2065.000	-35.379
2070.000	-35.459
2075.000	-35.552
2080.000	-35.424
2085.000	-35.239
2090.000	-35.007
2095.000	-34.730
2100.000	-34.345
2105.000	-33.802
2110.000	-33.229
2115.000	-32.509
2120.000	-31.513
2125.000	-30.479
2130.000	-29.142
2135.000	-27.474
2140.000	-25.214
2145.000	-22.261
2150.000	-18.026
2155.000	-14.666
2160.000	-18.290
2165.000	-22.440
2170.000	-25.561
2175.000	-27.901
2180.000	-29.683
2185.000	-30.972
2190.000	-32.144
2195.000	-33.354
2200.000	-34.095
2205.000	-34.798
2210.000	-35.388
2215.000	-35.807
2220.000	-36.183
2225.000	-36.458
2230.000	-36.810
2235.000	-36.971
2240.000	-36.947
2245.000	-36.775
2250.000	-36.716
2255.000	-36.534
2260.000	-36.319
2265.000	-35.870
2270.000	-35.630
2275.000	-34.927
2280.000	-34.237
2285.000	-33.305
2290.000	-32.458
2295.000	-31.141
2300.000	-29.583
2305.000	-27.466
2310.000	-24.837
2315.000	-21.039
2320.000	-16.768
2325.000	-17.492
2330.000	-21.769
2335.000	-25.210
2340.000	-27.671
2345.000	-29.605
2350.000	-30.940
2355.000	-32.311
2360.000	-33.313
2365.000	-33.996
2370.000	-34.723
2375.000	-35.275
2380.000	-35.827
2385.000	-36.243
2390.000	-36.463
2395.000	-36.675
2400.000	-36.777
2405.000	-36.856
2410.000	-36.829
2415.000	-36.739
2420.000	-36.612
2425.000	-36.399
2430.000	-36.063
2435.000	-35.467
2440.000	-34.921
2445.000	-34.266
2450.000	-33.697
2455.000	-32.560
2460.000	-31.394
2465.000	-29.908
2470.000	-28.045
2475.000	-25.678
2480.000	-22.448
2485.000	-18.200
2490.000	-16.698
2495.000	-20.520
2500.000	-24.345
2505.000	-27.125
2510.000	-29.105
2515.000	-30.749
2520.000	-31.950
2525.000	-33.203
2530.000	-33.945
2535.000	-34.762
2540.000	-35.362
2545.000	-35.923
2550.000	-36.309
2555.000	-36.610
2560.000	-36.593
2565.000	-36.927
2570.000	-36.813
2575.000	-36.851
2580.000	-36.913
2585.000	-36.731
2590.000	-36.390
2595.000	-36.070
2600.000	-35.576
2605.000	-34.990
2610.000	-34.491
2615.000	-33.714
2620.000	-32.726
2625.000	-31.571
2630.000	-30.238
2635.000	-28.378
2640.000	-26.226
2645.000	-23.145
2650.000	-19.228
2655.000	-16.829
2660.000	-20.118
2665.000	-23.994
2670.000	-26.878
2675.000	-28.987
2680.000	-30.779
2685.000	-32.015
2690.000	-33.302
2695.000	-34.214
2700.000	-34.999
2705.000	-35.566
2710.000	-36.019
2715.000	-36.395
2720.000	-36.920
2725.000	-37.058
2730.000	-37.280
2735.000	-37.183
2740.000	-37.216
2745.000	-37.198
2750.000	-37.201
2755.000	-36.982
2760.000	-36.727
2765.000	-36.359
2770.000	-35.759
2775.000	-35.115
2780.000	-34.371
2785.000	-33.485
2790.000	-32.388
2795.000	-31.090
2800.000	-29.354
2805.000	-27.267
2810.000	-24.403
2815.000	-20.676
2820.000	-17.459
2825.000	-19.683
2830.000	-23.545
2835.000	-26.610
2840.000	-28.924
2845.000	-30.696
2850.000	-32.048
2855.000	-33.195
2860.000	-34.199
2865.000	-34.915
2870.000	-35.679
2875.000	-35.971
2880.000	-36.646
2885.000	-36.673
2890.000	-36.911
2895.000	-37.373
2900.000	-37.140
2905.000	-37.049
2910.000	-37.273
2915.000	-37.263
2920.000	-36.869
2925.000	-36.713
2930.000	-36.094
2935.000	-35.709
2940.000	-35.112
2945.000	-34.458
2950.000	-33.527
2955.000	-32.303
2960.000	-31.072
2965.000	-29.364
2970.000	-27.211
2975.000	-24.389
2980.000	-20.679
2985.000	-17.617
2990.000	-20.013
2995.000	-23.851
3000.000	-26.849
3005.000	-29.034
3010.000	-30.787
3015.000	-32.146
3020.000	-33.265
3025.000	-34.247
3030.000	-35.014
3035.000	-35.671
3040.000	-36.139
3045.000	-36.609
3050.000	-36.894
3055.000	-37.146
3060.000	-37.332
3065.000	-37.695
3070.000	-37.402
3075.000	-37.175
3080.000	-37.190
3085.000	-37.246
3090.000	-36.473
3095.000	-36.244
3100.000	-35.793
3105.000	-35.050
3110.000	-34.432
3115.000	-33.764
3120.000	-32.487
3125.000	-31.132
3130.000	-29.486
3135.000	-27.322
3140.000	-24.587
3145.000	-20.906
3150.000	-18.108
3155.000	-20.296
3160.000	-23.987
3165.000	-27.021
3170.000	-29.147
3175.000	-30.898
3180.000	-32.276
3185.000	-33.464
3190.000	-34.358
3195.000	-35.109
3200.000	-35.846
3205.000	-36.157
3210.000	-36.639
3215.000	-36.905
3220.000	-37.247
3225.000	-37.477
3230.000	-37.590
3235.000	-37.593
3240.000	-37.459
3245.000	-37.177
3250.000	-36.754
3255.000	-36.817
3260.000	-36.436
3265.000	-35.571
3270.000	-35.119
3275.000	-34.401
3280.000	-33.505
3285.000	-32.320
3290.000	-31.006
3295.000	-29.188
3300.000	-27.093
3305.000	-24.187
3310.000	-20.593
3315.000	-18.477
3320.000	-21.038
3325.000	-24.536
3330.000	-27.297
3335.000	-29.422
3340.000	-31.324
3345.000	-32.386
3350.000	-33.503
3355.000	-34.468
3360.000	-35.107
3365.000	-35.599
3370.000	-36.175
3375.000	-36.631
3380.000	-37.024
3385.000	-37.040
3390.000	-37.391
3395.000	-37.440
3400.000	-37.319
3405.000	-37.377
3410.000	-37.199
3415.000	-36.948
3420.000	-36.429
3425.000	-36.203
3430.000	-35.493
3435.000	-34.821
3440.000	-34.150
3445.000	-33.321
3450.000	-32.208
3455.000	-30.805
3460.000	-29.052
3465.000	-26.885
3470.000	-24.066
3475.000	-20.473
3480.000	-18.819
3485.000	-21.611
3490.000	-24.983
3495.000	-27.664
3500.000	-29.819
3505.000	-31.431
3510.000	-32.611
3515.000	-33.825
3520.000	-34.472
3525.000	-35.541
3530.000	-35.750
3535.000	-36.644
3540.000	-36.585
3545.000	-37.270
3550.000	-37.182
3555.000	-37.463
3560.000	-37.337
3565.000	-37.760
3570.000	-37.292
3575.000	-37.457
3580.000	-37.142
3585.000	-36.654
3590.000	-36.297
3595.000	-35.664
3600.000	-34.926
3605.000	-33.953
3610.000	-33.228
3615.000	-31.925
3620.000	-30.364
3625.000	-28.495
3630.000	-26.064
3635.000	-22.904
3640.000	-19.675
3645.000	-19.890
3650.000	-23.061
3655.000	-26.215
3660.000	-28.494
3665.000	-30.466
3670.000	-31.759
3675.000	-32.940
3680.000	-33.812
3685.000	-34.556
3690.000	-35.202
3695.000	-35.920
3700.000	-36.210
3705.000	-36.705
3710.000	-36.988
3715.000	-37.202
3720.000	-37.310
3725.000	-37.269
3730.000	-37.342
3735.000	-37.120
3740.000	-36.953
3745.000	-36.768
3750.000	-36.348
3755.000	-35.780
3760.000	-35.368
3765.000	-34.828
3770.000	-33.833
3775.000	-33.102
3780.000	-31.597
3785.000	-30.286
3790.000	-28.152
3795.000	-25.791
3800.000	-22.723
3805.000	-19.600
3810.000	-19.941
3815.000	-23.244
3820.000	-26.237
3825.000	-28.652
3830.000	-30.330
3835.000	-31.921
3840.000	-33.043
3845.000	-34.029
3850.000	-34.798
3855.000	-35.321
3860.000	-36.144
3865.000	-36.124
3870.000	-36.815
3875.000	-37.242
3880.000	-37.183
3885.000	-37.100
3890.000	-37.203
3895.000	-37.261
3900.000	-37.444
3905.000	-37.214
3910.000	-36.742
3915.000	-36.136
3920.000	-36.070
3925.000	-35.445
3930.000	-34.625
3935.000	-33.771
3940.000	-32.759
3945.000	-31.509
3950.000	-30.054
3955.000	-27.940
3960.000	-25.501
3965.000	-22.344
3970.000	-19.684
3975.000	-20.914
3980.000	-24.209
3985.000	-27.000
3990.000	-29.226
3995.000	-31.051
4000.000	-32.528
4005.000	-33.587
4010.000	-34.395
4015.000	-35.132
4020.000	-35.744
4025.000	-36.747
4030.000	-36.665
4035.000	-37.613
4040.000	-37.394
4045.000	-37.567
4050.000	-37.471
4055.000	-38.124
4060.000	-37.848
4065.000	-37.268
4070.000	-37.220
4075.000	-37.370
4080.000	-36.437
4085.000	-36.153
4090.000	-35.570
4095.000	-34.700
4100.000	-34.014
4105.000	-32.846
4110.000	-31.570
4115.000	-29.909
4120.000	-27.825
4125.000	-25.140
4130.000	-21.990
4135.000	-20.117
4140.000	-22.133
4145.000	-25.254
4150.000	-27.876
4155.000	-30.031
4160.000	-31.541
4165.000	-33.006
4170.000	-33.685
4175.000	-34.830
4180.000	-35.744
4185.000	-35.913
4190.000	-36.620
4195.000	-37.002
4200.000	-37.589
4205.000	-37.718
4210.000	-37.679
4215.000	-37.663
4220.000	-37.719
4225.000	-37.791
4230.000	-37.505
4235.000	-37.117
4240.000	-37.235
4245.000	-36.502
4250.000	-36.148
4255.000	-35.527
4260.000	-34.825
4265.000	-33.797
4270.000	-32.886
4275.000	-31.433
4280.000	-29.808
4285.000	-27.765
4290.000	-25.200
4295.000	-22.126
4300.000	-20.631
4305.000	-22.856
4310.000	-25.975
4315.000	-28.475
4320.000	-30.495
4325.000	-32.107
4330.000	-33.500
4335.000	-34.654
4340.000	-34.819
4345.000	-36.034
4350.000	-36.781
4355.000	-36.986
4360.000	-37.659
4365.000	-37.663
4370.000	-37.879
4375.000	-38.420
4380.000	-38.455
4385.000	-38.391
4390.000	-38.068
4395.000	-38.500
4400.000	-37.736
4405.000	-37.712
4410.000	-37.052
4415.000	-36.848
4420.000	-36.377
4425.000	-35.305
4430.000	-34.434
4435.000	-33.457
4440.000	-32.139
4445.000	-30.416
4450.000	-28.338
4455.000	-25.708
4460.000	-22.726
4465.000	-21.394
4470.000	-23.591
4475.000	-26.526
4480.000	-29.011
4485.000	-30.969
4490.000	-32.600
4495.000	-33.929
4500.000	-34.696
4505.000	-35.954
4510.000	-36.625
4515.000	-37.157
4520.000	-37.711
4525.000	-37.645
4530.000	-37.918
4535.000	-38.312
4540.000	-38.507
4545.000	-38.929
4550.000	-38.826
4555.000	-38.635
4560.000	-38.332
4565.000	-38.273
4570.000	-37.686
4575.000	-37.673
4580.000	-37.206
4585.000	-36.619
4590.000	-35.705
4595.000	-34.701
4600.000	-33.872
4605.000	-32.511
4610.000	-30.923
4615.000	-28.814
4620.000	-26.421
4625.000	-23.435
4630.000	-21.627
4635.000	-23.068
4640.000	-25.941
4645.000	-28.664
4650.000	-30.459
4655.000	-32.183
4660.000	-33.336
4665.000	-34.408
4670.000	-35.663
4675.000	-35.806
4680.000	-36.688
4685.000	-37.086
4690.000	-37.557
4695.000	-38.111
4700.000	-38.328
4705.000	-38.042
4710.000	-38.316
4715.000	-38.408
4720.000	-38.221
4725.000	-38.138
4730.000	-37.961
4735.000	-37.637
4740.000	-37.288
4745.000	-36.275
4750.000	-35.970
4755.000	-35.345
4760.000	-34.657
4765.000	-33.620
4770.000	-32.394
4775.000	-30.861
4780.000	-28.854
4785.000	-26.519
4790.000	-23.599
4795.000	-21.769
4800.000	-23.233
4805.000	-25.991
4810.000	-28.631
4815.000	-30.754
4820.000	-32.083
4825.000	-33.750
4830.000	-34.788
4835.000	-35.789
4840.000	-36.335
4845.000	-37.159
4850.000	-37.734
4855.000	-37.782
4860.000	-38.086
4865.000	-38.678
4870.000	-38.799
4875.000	-38.580
4880.000	-38.636
4885.000	-38.672
4890.000	-38.316
4895.000	-38.490
4900.000	-38.036
4905.000	-38.037
4910.000	-37.598
4915.000	-36.989
4920.000	-36.325
4925.000	-35.548
4930.000	-34.582
4935.000	-33.368
4940.000	-31.897
4945.000	-29.950
4950.000	-27.798
4955.000	-25.075
4960.000	-22.694
4965.000	-22.915
4970.000	-25.506
4975.000	-28.218
4980.000	-30.313
4985.000	-32.145
4990.000	-33.495
4995.000	-34.691
5000.000	-35.455
5005.000	-36.481
5010.000	-37.125
5015.000	-37.764
5020.000	-38.088
5025.000	-38.431
5030.000	-38.648
5035.000	-38.994
5040.000	-38.976
5045.000	-38.909
5050.000	-38.925
5055.000	-38.457
5060.000	-38.376
5065.000	-38.441
5070.000	-38.130
5075.000	-37.629
5080.000	-37.100
5085.000	-36.296
5090.000	-35.648
5095.000	-34.435
5100.000	-33.455
5105.000	-31.917
5110.000	-30.183
5115.000	-27.901
5120.000	-25.236
5125.000	-22.862
5130.000	-23.166
5135.000	-25.674
5140.000	-28.221
5145.000	-30.286
5150.000	-32.121
5155.000	-33.512
5160.000	-34.319
5165.000	-35.322
5170.000	-35.820
5175.000	-36.943
5180.000	-37.367
5185.000	-37.941
5190.000	-38.229
5195.000	-37.995
5200.000	-38.579
5205.000	-38.310
5210.000	-37.925
5215.000	-38.728
5220.000	-38.118
5225.000	-37.926
5230.000	-37.799
5235.000	-37.464
5240.000	-37.481
5245.000	-36.498
5250.000	-35.970
5255.000	-35.197
5260.000	-34.525
5265.000	-33.349
5270.000	-31.639
5275.000	-30.274
5280.000	-28.189
5285.000	-25.628
5290.000	-23.381
5295.000	-23.204
5300.000	-25.414
5305.000	-28.004
5310.000	-30.206
5315.000	-31.968
5320.000	-33.267
5325.000	-34.731
5330.000	-35.441
5335.000	-36.639
5340.000	-36.947
5345.000	-37.276
5350.000	-38.132
5355.000	-38.647
5360.000	-38.694
5365.000	-38.365
5370.000	-38.669
5375.000	-38.539
5380.000	-38.972
5385.000	-38.681
5390.000	-38.462
5395.000	-38.361
5400.000	-37.715
5405.000	-37.815
5410.000	-37.123
5415.000	-36.490
5420.000	-35.572
5425.000	-34.570
5430.000	-33.592
5435.000	-32.183
5440.000	-30.387
5445.000	-28.265
5450.000	-25.706
5455.000	-23.480
5460.000	-23.617
5465.000	-25.868
5470.000	-28.223
5475.000	-30.320
5480.000	-32.246
5485.000	-33.614
5490.000	-34.472
5495.000	-35.702
5500.000	-36.544
5505.000	-37.092
5510.000	-37.685
5515.000	-37.930
5520.000	-38.402
5525.000	-38.220
5530.000	-38.817
5535.000	-38.933
5540.000	-38.728
5545.000	-38.931
5550.000	-38.770
5555.000	-38.310
5560.000	-38.314
5565.000	-38.084
5570.000	-37.619
5575.000	-36.818
5580.000	-36.031
5585.000	-35.476
5590.000	-34.768
5595.000	-33.632
5600.000	-32.162
5605.000	-30.532
5610.000	-28.454
5615.000	-26.038
5620.000	-23.735
5625.000	-23.368
5630.000	-25.329
5635.000	-27.910
5640.000	-30.015
5645.000	-31.790
5650.000	-33.232
5655.000	-34.420
5660.000	-35.452
5665.000	-36.383
5670.000	-36.773
5675.000	-37.516
5680.000	-38.019
5685.000	-38.000
5690.000	-38.133
5695.000	-38.668
5700.000	-38.480
5705.000	-37.331
5710.000	-38.560
5715.000	-38.822
5720.000	-37.548
5725.000	-38.232
5730.000	-37.948
5735.000	-37.372
5740.000	-37.000
5745.000	-36.326
5750.000	-35.601
5755.000	-34.766
5760.000	-33.588
5765.000	-32.178
5770.000	-30.435
5775.000	-28.295
5780.000	-25.842
5785.000	-23.784
5790.000	-23.888
5795.000	-26.085
5800.000	-28.320
5805.000	-30.301
5810.000	-32.239
5815.000	-33.610
5820.000	-34.392
5825.000	-35.587
5830.000	-36.027
5835.000	-36.990
5840.000	-37.561
5845.000	-37.597
5850.000	-38.302
5855.000	-38.144
5860.000	-38.688
5865.000	-38.746
5870.000	-38.313
5875.000	-38.779
5880.000	-38.309
5885.000	-38.187
5890.000	-38.189
5895.000	-37.625
5900.000	-37.291
5905.000	-36.966
5910.000	-36.127
5915.000	-35.387
5920.000	-34.590
5925.000	-33.437
5930.000	-32.057
5935.000	-30.354
5940.000	-28.276
5945.000	-25.850
5950.000	-23.918
5955.000	-24.114
5960.000	-26.351
5965.000	-28.559
5970.000	-30.800
5975.000	-32.341
5980.000	-33.827
5985.000	-34.836
5990.000	-35.833
5995.000	-36.510
6000.000	-37.141
6005.000	-37.255
6010.000	-38.236
6015.000	-38.258
6020.000	-38.102
6025.000	-38.963
6030.000	-38.953
6035.000	-38.951
6040.000	-38.861
6045.000	-38.730
6050.000	-38.345
6055.000	-38.296
6060.000	-37.877
6065.000	-37.453
6070.000	-36.935
6075.000	-36.267
6080.000	-35.316
6085.000	-34.448
6090.000	-33.222
6095.000	-31.741
6100.000	-29.927
6105.000	-27.738
6110.000	-25.426
6115.000	-23.993
6120.000	-25.162
6125.000	-27.262
6130.000	-29.654
6135.000	-31.391
6140.000	-33.020
6145.000	-34.355
6150.000	-35.430
6155.000	-36.269
6160.000	-36.669
6165.000	-37.609
6170.000	-38.035
6175.000	-38.427
6180.000	-38.379
6185.000	-38.904
6190.000	-39.106
6195.000	-38.815
6200.000	-38.842
6205.000	-38.769
6210.000	-38.940
6215.000	-38.309
6220.000	-38.447
6225.000	-37.858
6230.000	-37.525
6235.000	-36.610
6240.000	-36.240
6245.000	-35.240
6250.000	-34.187
6255.000	-32.975
6260.000	-31.378
6265.000	-29.489
6270.000	-27.186
6275.000	-25.151
6280.000	-24.651
6285.000	-26.300
6290.000	-28.566
6295.000	-30.629
6300.000	-32.367
6305.000	-33.763
6310.000	-34.926
6315.000	-35.871
6320.000	-36.669
6325.000	-37.333
6330.000	-37.927
6335.000	-38.271
6340.000	-38.623
6345.000	-38.532
6350.000	-39.057
6355.000	-39.179
6360.000	-39.095
6365.000	-37.853
6370.000	-38.961
6375.000	-38.869
6380.000	-38.190
6385.000	-38.134
6390.000	-37.678
6395.000	-37.453
6400.000	-36.841
6405.000	-36.059
6410.000	-35.001
6415.000	-33.837
6420.000	-32.510
6425.000	-30.804
6430.000	-28.810
6435.000	-26.449
6440.000	-25.025
6445.000	-25.584
6450.000	-27.604
6455.000	-29.848
6460.000	-31.715
6465.000	-33.316
6470.000	-34.601
6475.000	-35.664
6480.000	-36.363
6485.000	-37.245
6490.000	-37.856
6495.000	-38.278
6500.000	-38.789
6505.000	-38.955
6510.000	-38.918
6515.000	-39.390
6520.000	-39.475
6525.000	-39.562
6530.000	-39.419
6535.000	-39.343
6540.000	-39.154
6545.000	-38.863
6550.000	-38.443
6555.000	-37.974
6560.000	-37.510
6565.000	-36.609
6570.000	-35.743
6575.000	-34.723
6580.000	-33.738
6585.000	-32.127
6590.000	-30.502
6595.000	-28.318
6600.000	-26.339
6605.000	-25.678
6610.000	-27.049
6615.000	-29.374
6620.000	-31.400
6625.000	-33.077
6630.000	-34.487
6635.000	-35.651
6640.000	-36.678
6645.000	-37.486
6650.000	-38.115
6655.000	-38.621
6660.000	-38.664
6665.000	-39.424
6670.000	-39.306
6675.000	-39.907
6680.000	-40.047
6685.000	-40.103
6690.000	-40.002
6695.000	-39.479
6700.000	-39.872
6705.000	-39.372
6710.000	-39.295
6715.000	-38.628
6720.000	-38.203
6725.000	-37.655
6730.000	-37.235
6735.000	-36.202
6740.000	-35.275
6745.000	-33.751
6750.000	-31.929
6755.000	-30.604
6760.000	-28.496
6765.000	-26.651
6770.000	-26.446
6775.000	-28.076
6780.000	-30.009
6785.000	-31.975
6790.000	-33.483
6795.000	-35.004
6800.000	-36.137
6805.000	-37.040
6810.000	-37.794
6815.000	-37.821
6820.000	-38.823
6825.000	-39.036
6830.000	-39.587
6835.000	-39.163
6840.000	-39.194
6845.000	-40.004
6850.000	-39.744
6855.000	-40.018
6860.000	-39.591
6865.000	-39.405
6870.000	-39.631
6875.000	-39.299
6880.000	-38.993
6885.000	-37.928
6890.000	-37.556
6895.000	-37.016
6900.000	-36.246
6905.000	-35.009
6910.000	-34.107
6915.000	-32.336
6920.000	-30.522
6925.000	-28.356
6930.000	-26.937
6935.000	-27.295
6940.000	-29.170
6945.000	-31.165
6950.000	-33.112
6955.000	-34.677
6960.000	-35.934
6965.000	-36.916
6970.000	-37.851
6975.000	-38.633
6980.000	-39.167
6985.000	-39.678
6990.000	-39.742
6995.000	-40.312
7000.000	-40.202
7005.000	-40.628
7010.000	-40.290
7015.000	-39.935
7020.000	-40.312
7025.000	-40.706
7030.000	-40.015
7035.000	-40.052
7040.000	-39.344
7045.000	-39.481
7050.000	-39.097
7055.000	-37.974
7060.000	-37.641
7065.000	-36.757
7070.000	-35.270
7075.000	-34.213
7080.000	-32.475
7085.000	-30.153
7090.000	-28.460
7095.000	-27.383
7100.000	-28.515
7105.000	-30.358
7110.000	-32.461
7115.000	-34.032
7120.000	-35.564
7125.000	-36.723
7130.000	-37.465
7135.000	-38.455
7140.000	-39.155
7145.000	-39.536
7150.000	-40.036
7155.000	-40.295
7160.000	-40.720
7165.000	-40.847
7170.000	-40.338
7175.000	-40.725
7180.000	-40.404
7185.000	-41.120
7190.000	-41.074
7195.000	-40.791
7200.000	-40.464
7205.000	-39.825
7210.000	-39.388
7215.000	-39.434
7220.000	-38.286
7225.000	-37.442
7230.000	-36.856
7235.000	-35.698
7240.000	-34.323
7245.000	-32.597
7250.000	-30.647
7255.000	-28.815
7260.000	-28.113
7265.000	-29.272
7270.000	-31.180
7275.000	-32.984
7280.000	-34.820
7285.000	-36.186
7290.000	-37.178
7295.000	-38.305
7300.000	-38.973
7305.000	-39.720
7310.000	-40.004
7315.000	-40.670
7320.000	-39.862
7325.000	-41.180
7330.000	-41.253
7335.000	-40.134
7340.000	-41.057
7345.000	-41.365
7350.000	-40.209
7355.000	-40.456
7360.000	-40.267
7365.000	-40.752
7370.000	-40.565
7375.000	-40.202
7380.000	-39.559
7385.000	-39.106
7390.000	-37.704
7395.000	-37.273
7400.000	-35.897
7405.000	-34.527
7410.000	-33.133
7415.000	-30.832
7420.000	-29.313
7425.000	-28.727
7430.000	-29.707
7435.000	-31.838
7440.000	-33.651
7445.000	-35.416
7450.000	-36.709
7455.000	-37.504
7460.000	-38.725
7465.000	-39.283
7470.000	-39.968
7475.000	-40.351
7480.000	-40.759
7485.000	-41.019
7490.000	-41.307
7495.000	-41.616
7500.000	-41.719
7505.000	-41.569
7510.000	-41.581
7515.000	-41.663
7520.000	-41.509
7525.000	-40.429
7530.000	-41.195
7535.000	-40.512
7540.000	-40.469
7545.000	-39.869
7550.000	-39.579
7555.000	-38.875
7560.000	-38.029
7565.000	-36.622
7570.000	-35.216
7575.000	-33.527
7580.000	-31.538
7585.000	-30.065
7590.000	-29.479
7595.000	-30.409
7600.000	-32.324
7605.000	-34.106
7610.000	-35.639
7615.000	-36.822
7620.000	-38.220
7625.000	-39.428
7630.000	-39.677
7635.000	-40.356
7640.000	-40.122
7645.000	-41.227
7650.000	-41.345
7655.000	-40.742
7660.000	-40.449
7665.000	-42.052
7670.000	-41.234
7675.000	-41.910
7680.000	-41.188
7685.000	-40.907
7690.000	-40.686
7695.000	-41.541
7700.000	-41.263
7705.000	-40.574
7710.000	-40.067
7715.000	-39.313
7720.000	-38.611
7725.000	-37.877
7730.000	-36.208
7735.000	-35.246
7740.000	-33.270
7745.000	-31.642
7750.000	-29.997
7755.000	-29.656
7760.000	-31.187
7765.000	-33.035
7770.000	-34.830
7775.000	-36.366
7780.000	-37.576
7785.000	-38.601
7790.000	-39.420
7795.000	-40.068
7800.000	-40.654
7805.000	-41.115
7810.000	-40.787
7815.000	-41.113
7820.000	-41.966
7825.000	-41.369
7830.000	-41.888
7835.000	-41.896
7840.000	-41.254
7845.000	-41.853
7850.000	-41.965
7855.000	-42.047
7860.000	-41.125
7865.000	-40.167
7870.000	-40.256
7875.000	-40.227
7880.000	-39.624
7885.000	-38.962
7890.000	-38.273
7895.000	-36.883
7900.000	-35.919
7905.000	-33.835
7910.000	-32.115
7915.000	-30.634
7920.000	-30.597
7925.000	-31.962
7930.000	-33.819
7935.000	-35.182
7940.000	-36.708
7945.000	-37.691
7950.000	-38.985
7955.000	-39.726
7960.000	-39.534
7965.000	-40.246
7970.000	-40.686
7975.000	-41.148
7980.000	-41.933
7985.000	-42.158
7990.000	-42.230
7995.000	-41.647
8000.000	-41.362
8005.000	-40.894
8010.000	-41.472
8015.000	-42.237
8020.000	-41.502
8025.000	-41.003
8030.000	-40.416
8035.000	-40.154
8040.000	-40.656
8045.000	-40.039
8050.000	-39.278
8055.000	-38.385
8060.000	-36.443
8065.000	-35.598
8070.000	-33.792
8075.000	-31.930
8080.000	-30.740
8085.000	-30.888
8090.000	-32.343
8095.000	-34.105
8100.000	-35.577
8105.000	-36.839
8110.000	-38.337
8115.000	-39.296
8120.000	-39.576
8125.000	-40.730
8130.000	-41.191
8135.000	-41.597
8140.000	-41.702
8145.000	-41.207
8150.000	-42.241
8155.000	-42.453
8160.000	-42.475
8165.000	-42.455
8170.000	-42.566
8175.000	-42.172
8180.000	-42.282
8185.000	-41.371
8190.000	-41.768
8195.000	-41.501
8200.000	-40.808
8205.000	-40.502
8210.000	-39.410
8215.000	-39.034
8220.000	-38.545
8225.000	-36.959
8230.000	-35.572
8235.000	-34.228
8240.000	-32.426
8245.000	-31.180
8250.000	-31.684
8255.000	-32.977
8260.000	-34.574
8265.000	-36.035
8270.000	-37.684
8275.000	-38.755
8280.000	-39.601
8285.000	-39.992
8290.000	-40.913
8295.000	-41.355
8300.000	-41.308
8305.000	-41.015
8310.000	-42.039
8315.000	-42.234
8320.000	-42.264
8325.000	-41.479
8330.000	-41.316
8335.000	-41.294
8340.000	-41.207
8345.000	-41.119
8350.000	-40.971
8355.000	-40.603
8360.000	-41.485
8365.000	-40.039
8370.000	-39.654
8375.000	-39.070
8380.000	-38.632
8385.000	-37.918
8390.000	-37.049
8395.000	-34.902
8400.000	-33.855
8405.000	-32.005
8410.000	-31.418
8415.000	-32.333
8420.000	-33.796
8425.000	-35.321
8430.000	-36.442
8435.000	-37.794
8440.000	-38.852
8445.000	-39.121
8450.000	-40.038
8455.000	-41.049
8460.000	-41.559
8465.000	-41.908
8470.000	-40.541
8475.000	-42.195
8480.000	-42.290
8485.000	-41.344
8490.000	-42.438
8495.000	-42.763
8500.000	-41.916
8505.000	-41.074
8510.000	-41.917
8515.000	-41.518
8520.000	-40.584
8525.000	-41.397
8530.000	-40.361
8535.000	-40.014
8540.000	-39.692
8545.000	-38.200
8550.000	-38.266
8555.000	-36.404
8560.000	-34.923
8565.000	-33.212
8570.000	-31.867
8575.000	-32.056
8580.000	-33.064
8585.000	-34.650
8590.000	-35.925
8595.000	-37.165
8600.000	-38.484
8605.000	-39.641
8610.000	-40.408
8615.000	-41.024
8620.000	-40.316
8625.000	-40.789
8630.000	-40.191
8635.000	-42.364
8640.000	-42.497
8645.000	-42.724
8650.000	-41.368
8655.000	-42.731
8660.000	-42.714
8665.000	-41.425
8670.000	-42.510
8675.000	-42.296
8680.000	-40.891
8685.000	-40.536
8690.000	-40.841
8695.000	-40.790
8700.000	-39.018
8705.000	-39.366
8710.000	-38.133
8715.000	-36.820
8720.000	-35.654
8725.000	-33.802
8730.000	-33.042
8735.000	-32.498
8740.000	-32.973
8745.000	-34.265
8750.000	-36.086
8755.000	-37.378
8760.000	-37.986
8765.000	-39.457
8770.000	-39.692
8775.000	-40.258
8780.000	-41.324
8785.000	-41.386
8790.000	-42.303
8795.000	-42.218
8800.000	-42.675
8805.000	-41.307
8810.000	-42.727
8815.000	-41.182
8820.000	-42.918
8825.000	-42.435
8830.000	-41.774
8835.000	-42.290
8840.000	-42.087
8845.000	-41.859
8850.000	-41.494
8855.000	-39.904
8860.000	-40.996
8865.000	-39.706
8870.000	-38.967
8875.000	-38.425
8880.000	-36.522
8885.000	-35.087
8890.000	-34.041
8895.000	-33.009
8900.000	-33.416
8905.000	-34.408
8910.000	-36.160
8915.000	-37.497
8920.000	-38.101
8925.000	-39.237
8930.000	-39.829
8935.000	-40.972
8940.000	-40.468
8945.000	-40.771
8950.000	-42.150
8955.000	-41.705
8960.000	-41.295
8965.000	-41.842
8970.000	-42.248
8975.000	-41.520
8980.000	-41.548
8985.000	-41.474
8990.000	-41.395
8995.000	-42.573
9000.000	-41.048
9005.000	-42.063
9010.000	-40.350
9015.000	-41.230
9020.000	-40.342
9025.000	-39.518
9030.000	-39.112
9035.000	-38.125
9040.000	-36.836
9045.000	-34.846
9050.000	-33.627
9055.000	-33.061
9060.000	-33.697
9065.000	-34.648
9070.000	-35.848
9075.000	-37.175
9080.000	-38.787
9085.000	-39.571
9090.000	-40.030
9095.000	-40.349
9100.000	-40.842
9105.000	-41.975
9110.000	-40.859
9115.000	-42.597
9120.000	-42.447
9125.000	-41.557
9130.000	-41.980
9135.000	-42.149
9140.000	-41.146
9145.000	-41.280
9150.000	-42.534
9155.000	-41.823
9160.000	-41.341
9165.000	-41.911
9170.000	-40.343
9175.000	-41.482
9180.000	-39.313
9185.000	-39.907
9190.000	-38.578
9195.000	-38.474
9200.000	-36.286
9205.000	-35.377
9210.000	-33.931
9215.000	-33.707
9220.000	-34.159
9225.000	-35.234
9230.000	-36.341
9235.000	-37.699
9240.000	-38.885
9245.000	-39.236
9250.000	-39.909
9255.000	-40.361
9260.000	-40.707
9265.000	-41.647
9270.000	-41.178
9275.000	-42.717
9280.000	-41.553
9285.000	-42.335
9290.000	-41.141
9295.000	-43.013
9300.000	-41.474
9305.000	-41.330
9310.000	-40.354
9315.000	-41.138
9320.000	-41.491
9325.000	-40.613
9330.000	-39.525
9335.000	-40.575
9340.000	-39.852
9345.000	-39.842
9350.000	-38.607
9355.000	-37.463
9360.000	-36.274
9365.000	-35.200
9370.000	-34.310
9375.000	-34.091
9380.000	-35.078
9385.000	-36.190
9390.000	-37.471
9395.000	-38.261
9400.000	-39.296
9405.000	-39.462
9410.000	-40.859
9415.000	-39.527
9420.000	-41.145
9425.000	-41.427
9430.000	-41.112
9435.000	-41.898
9440.000	-41.855
9445.000	-41.173
9450.000	-41.947
9455.000	-42.019
9460.000	-41.934
9465.000	-42.050
9470.000	-40.996
9475.000	-41.836
9480.000	-41.612
9485.000	-41.165
9490.000	-41.003
9495.000	-40.734
9500.000	-39.364
9505.000	-39.153
9510.000	-38.123
9515.000	-37.067
9520.000	-36.179
9525.000	-35.039
9530.000	-34.721
9535.000	-34.993
9540.000	-36.062
9545.000	-37.261
9550.000	-38.475
9555.000	-38.936
9560.000	-38.960
9565.000	-40.471
9570.000	-40.632
9575.000	-41.029
9580.000	-41.693
9585.000	-43.047
9590.000	-40.387
9595.000	-42.150
9600.000	-41.809
9605.000	-41.448
9610.000	-42.330
9615.000	-40.840
9620.000	-41.798
9625.000	-41.449
9630.000	-42.969
9635.000	-41.399
9640.000	-41.556
9645.000	-41.278
9650.000	-41.611
9655.000	-39.987
9660.000	-39.809
9665.000	-39.001
9670.000	-38.147
9675.000	-37.156
9680.000	-35.486
9685.000	-35.344
9690.000	-35.250
9695.000	-36.404
9700.000	-37.443
9705.000	-39.280
9710.000	-39.336
9715.000	-40.355
9720.000	-41.003
9725.000	-41.362
9730.000	-40.898
9735.000	-42.081
9740.000	-42.235
9745.000	-41.347
9750.000	-42.673
9755.000	-43.646
9760.000	-42.525
9765.000	-43.613
9770.000	-42.707
9775.000	-41.869
9780.000	-43.579
9785.000	-42.186
9790.000	-42.421
9795.000	-41.216
9800.000	-41.689
9805.000	-42.170
9810.000	-42.227
9815.000	-40.059
9820.000	-40.287
9825.000	-39.757
9830.000	-37.812
9835.000	-36.675
9840.000	-35.851
9845.000	-35.971
9850.000	-37.018
9855.000	-38.415
9860.000	-38.762
9865.000	-40.580
9870.000	-40.394
9875.000	-40.773
9880.000	-42.827
9885.000	-42.055
9890.000	-42.305
9895.000	-42.758
9900.000	-43.701
9905.000	-41.998
9910.000	-42.239
9915.000	-43.213
9920.000	-42.736
9925.000	-42.434
9930.000	-41.159
9935.000	-42.218
9940.000	-41.101
9945.000	-42.596
9950.000	-43.695
9955.000	-41.622
9960.000	-41.360
9965.000	-42.409
9970.000	-41.054
9975.000	-40.093
9980.000	-38.387
9985.000	-38.917
9990.000	-37.376
9995.000	-36.185
10000.000	-36.911
